0 0.11484375 0.684375 0.11640625 0.15703125
0 0.121875 0.88046875 0.14609375 0.20625
0 0.0484375 0.603125 0.0859375 0.14296875
0 0.053125 0.4640625 0.07265625 0.140625
0 0.33046875 0.58515625 0.078125 0.1734375
0 0.48828125 0.65703125 0.10234375 0.184375
0 0.55390625 0.82265625 0.13828125 0.2890625
0 0.6609375 0.5671875 0.08046875 0.14296875
0 0.7484375 0.7 0.09453125 0.1765625
0 0.72578125 0.43671875 0.075 0.1515625
0 0.88046875 0.56640625 0.08203125 0.17890625
0 0.925 0.46796875 0.07265625 0.14296875