0 0.16796875 0.4625 0.12421875 0.240625
0 0.1109375 0.315625 0.10625 0.1859375
0 0.03984375 0.1625 0.0796875 0.17421875
0 0.14375 0.196875 0.084375 0.153125
0 0.24609375 0.17109375 0.084375 0.14453125
0 0.33515625 0.30625 0.08203125 0.16796875
0 0.32734375 0.17265625 0.07421875 0.13515625
0 0.46796875 0.16484375 0.084375 0.14453125
0 0.403125 0.44765625 0.1140625 0.221875
0 0.49296875 0.47578125 0.09375 0.1890625
0 0.6390625 0.48515625 0.10234375 0.17734375
0 0.709375 0.41328125 0.08984375 0.2015625
0 0.62421875 0.31953125 0.084375 0.17109375
0 0.86171875 0.3921875 0.09609375 0.1953125